 <pre>

 Contingency table for Cloud cover (octas)
 Selection: METCOOP     40 stations
Period: 20220816-20220823
Used {All hours} + 01 02 ... 12
 Limits   0.500000000       1.50000000       2.50000000       3.50000000       4.50000000       5.50000000       6.50000000       7.50000000    
 Each class is data <= limit, the very last > last limit
 Total number of values       16158
                                                       OBSERVATION
                                    604      259      224      132      147      117       88      171      269 |      2011
                                    138       66      103      105       89      101       71      117      186 |       976
                                    111       39       55       65       50       60       57       99      105 |       641
                                     97       25       42       53       47       59       63       86       91 |       563
                      MNWC_ref       98       21       36       47       43       84       71       97      128 |       625
                                     86       20       50       53       40       64       73      118      132 |       636
                                    107       20       54       56       52       66       83      174      183 |       795
                                    162       35       95       75       83       96      173      283      354 |      1356
                                    292       88      164      201      198      381      816     1889     4526 |      8555

                    SUM            1695      573      823      787      749     1028     1495     3034     5974 |     16158
                                                       OBSERVATION
                                    586      234      232      125      114      135       67      142      366 |      2001
                                    144       82      114      102       74       90       86      113      149 |       954
                                    103       47       66       65       54       66       71       81       86 |       639
                                     96       25       56       47       35       70       62      103      102 |       596
                       MNWC_1h      106       19       47       49       50       58       70       90       93 |       582
                                    111       14       38       50       53       63       84      101      130 |       644
                                    113       18       58       53       51       71       88      147      198 |       797
                                    167       37       75       80       88      102      145      270      320 |      1284
                                    269       97      137      216      230      373      822     1987     4530 |      8661

                    SUM            1695      573      823      787      749     1028     1495     3034     5974 |     16158
                                                       OBSERVATION
                                    601      256      238      135      128      127       79      167      391 |      2122
                                    151       82      127       97       62       92       75      109      139 |       934
                                    115       31       53       49       67       77       71       89       96 |       648
                                     90       27       59       64       48       66       54       85       85 |       578
                       MNWC_2h      103       18       44       47       46       77       72       90      118 |       615
                                    111       17       47       44       48       65       74      127      137 |       670
                                    103       18       58       48       57       71       93      147      167 |       762
                                    148       34       69      103       79       87      145      268      305 |      1238
                                    273       90      128      200      214      366      832     1952     4536 |      8591

                    SUM            1695      573      823      787      749     1028     1495     3034     5974 |     16158
                                                       OBSERVATION
                                    595      230      230      146      137      136       76      163      378 |      2091
                                    171       82      110       92       78       91       68      106      128 |       926
                                    122       35       70       59       63       64       56       96      103 |       668
                                    103       40       55       61       58       69       70       86      103 |       645
                       MNWC_3h       95       24       55       43       37       63       76       95      118 |       606
                                     94       16       43       46       45       64       84      101      131 |       624
                                    115       27       64       52       47       66       83      172      182 |       808
                                    153       29       63       88       82       96      156      270      292 |      1229
                                    247       90      133      200      202      379      826     1945     4539 |      8561

                    SUM            1695      573      823      787      749     1028     1495     3034     5974 |     16158

