 <pre>

 Contingency table for Cloud cover (octas)
 Selection: ALL    401 stations
Period: 20220816-20220823
Used {All hours} + 01 02 ... 12
 Limits   0.500000000       1.50000000       2.50000000       3.50000000       4.50000000       5.50000000       6.50000000       7.50000000    
 Each class is data <= limit, the very last > last limit
 Total number of values      345561
                                                       OBSERVATION
                                  29427     6753     7712     3396     1892     2430     2319     2317     3712 |     59958
                                   7879     2432     2542     2008     1248     1821     1951     2288     4204 |     26373
                                   4329     1274     1493     1290      897     1377     1536     1797     3663 |     17656
                                   3280      996     1116     1022      830     1147     1440     1837     3760 |     15428
                      MNWC_ref     3019      959     1046     1014      807     1105     1605     2086     4161 |     15802
                                   3017      947     1134     1127      803     1314     1711     2591     5083 |     17727
                                   3090     1023     1137     1228      934     1512     2142     3354     6799 |     21219
                                   4384     1403     1659     1714     1310     2151     3336     5984    12037 |     33978
                                   8186     3357     2954     3670     2786     5705     9269    27631    73862 |    137420

                    SUM           66611    19144    20793    16469    11507    18562    25309    49885   117281 |    345561
                                                       OBSERVATION
                                  28554     6944     7763     3632     1983     2725     2493     2420     4519 |     61033
                                   7867     2338     2697     1964     1305     1799     1947     2274     4265 |     26456
                                   4365     1232     1532     1265      916     1321     1597     1881     3732 |     17841
                                   3482     1026     1232     1061      740     1165     1488     1853     3689 |     15736
                       MNWC_1h     3134      881     1141     1047      815     1161     1567     2103     4081 |     15930
                                   3055      916     1031     1034      772     1285     1694     2558     4990 |     17335
                                   3205      996     1075     1183      935     1456     2145     3369     6665 |     21029
                                   4399     1413     1529     1660     1221     2185     3258     5880    11695 |     33240
                                   8550     3398     2793     3623     2820     5465     9120    27547    73645 |    136961

                    SUM           66611    19144    20793    16469    11507    18562    25309    49885   117281 |    345561
                                                       OBSERVATION
                                  29544     6950     7988     3607     2042     2634     2507     2328     4383 |     61983
                                   7936     2418     2526     2028     1201     1787     1947     2392     4363 |     26598
                                   4322     1296     1499     1214      859     1343     1601     1885     3832 |     17851
                                   3373     1087     1109     1051      786     1179     1485     1870     3766 |     15706
                       MNWC_2h     3106      955     1107     1079      805     1195     1542     2113     4070 |     15972
                                   2909      913     1071     1040      872     1259     1735     2559     4832 |     17190
                                   3107      984     1166     1187      898     1542     2201     3389     6904 |     21378
                                   4334     1406     1601     1790     1264     2192     3183     5945    11772 |     33487
                                   7980     3135     2726     3473     2780     5431     9108    27404    73359 |    135396

                    SUM           66611    19144    20793    16469    11507    18562    25309    49885   117281 |    345561
                                                       OBSERVATION
                                  30242     6961     7888     3625     2013     2641     2409     2348     4332 |     62459
                                   7888     2398     2554     2053     1190     1822     1929     2341     4454 |     26629
                                   4255     1330     1490     1250      908     1328     1581     1966     3745 |     17853
                                   3246     1044     1183     1035      813     1193     1500     1893     3810 |     15717
                       MNWC_3h     2973      957     1067     1078      816     1204     1533     2149     4165 |     15942
                                   2905      975     1093     1086      833     1305     1739     2534     5090 |     17560
                                   3068      984     1199     1135      911     1533     2116     3458     6856 |     21260
                                   4239     1357     1615     1748     1268     2194     3370     6051    12179 |     34021
                                   7795     3138     2704     3459     2755     5342     9132    27145    72650 |    134120

                    SUM           66611    19144    20793    16469    11507    18562    25309    49885   117281 |    345561

