 <pre>

 Contingency table for Low clouds (octas)
 Selection: METCOOP    232 stations
Period: 20220816-20220823
Used {All hours} + 01 02 ... 12
 Limits    1.00000000       2.00000000       3.00000000       4.00000000       5.00000000       6.00000000       7.00000000    
 Each class is data <= limit, the very last > last limit
 Total number of values      200381
                                              OBSERVATION
                                  89044     6316     5312     3635     3414     2968     4355     9457 |    124501
                                   3288      873      818      627      633      592     1058     2063 |      9952
                                   2014      576      498      395      474      395      761     1507 |      6620
                      MNWC_ref     1496      507      508      341      401      400      706     1246 |      5605
                                   1222      466      392      390      370      348      655     1275 |      5118
                                   1180      385      416      346      399      372      743     1312 |      5153
                                   1377      562      615      406      514      444     1047     2098 |      7063
                                   3269     1825     2055     1856     2072     2182     6222    16888 |     36369

                    SUM          102890    11510    10614     7996     8277     7701    15547    35846 |    200381
                                              OBSERVATION
                                  88667     6659     5558     3932     3677     3302     5095    11528 |    128418
                                   3328      876      785      513      613      534     1134     2138 |      9921
                                   1862      570      575      382      415      362      748     1529 |      6443
                       MNWC_1h     1564      444      484      341      346      358      633     1255 |      5425
                                   1357      389      396      296      330      342      649     1251 |      5010
                                   1264      408      436      331      354      331      683     1363 |      5170
                                   1538      469      551      454      501      445      993     1950 |      6901
                                   3310     1695     1829     1747     2041     2027     5612    14832 |     33093

                    SUM          102890    11510    10614     7996     8277     7701    15547    35846 |    200381
                                              OBSERVATION
                                  89912     6776     5641     3975     3724     3392     5125    11658 |    130203
                                   3043      869      771      617      653      592     1065     2157 |      9767
                                   1912      505      551      399      434      401      749     1546 |      6497
                       MNWC_2h     1442      484      441      370      363      310      664     1351 |      5425
                                   1248      427      414      304      317      340      646     1261 |      4957
                                   1116      382      441      306      381      320      705     1320 |      4971
                                   1332      445      573      432      478      398     1019     1998 |      6675
                                   2885     1622     1782     1593     1927     1948     5574    14555 |     31886

                    SUM          102890    11510    10614     7996     8277     7701    15547    35846 |    200381
                                              OBSERVATION
                                  90652     6794     5717     3998     3725     3371     5058    11615 |    130930
                                   2980      856      775      593      657      542     1033     2142 |      9578
                                   1780      578      519      433      434      358      693     1603 |      6398
                       MNWC_3h     1330      462      402      324      372      367      667     1383 |      5307
                                   1163      390      436      319      342      351      617     1293 |      4911
                                   1017      400      382      295      375      318      699     1404 |      4890
                                   1164      423      496      398      476      440      936     2010 |      6343
                                   2804     1607     1887     1636     1896     1954     5844    14396 |     32024

                    SUM          102890    11510    10614     7996     8277     7701    15547    35846 |    200381

