 <pre>

 Contingency table for Cloud base (m)
 Selection: ALL    630 stations
Period: 20220816-20220823
Used {All hours} + 01 02 ... 12
 Limits    70.0000000       150.000000       300.000000       600.000000       1000.00000       1500.00000       2500.00000       5000.00000    
 Each class is data <= limit, the very last > last limit
 Total number of values      508414
                                                       OBSERVATION
                                   2021      752      541      108       45       38       40       33      353 |      3931
                                    895     1112     1154      284       55       56       26       48       92 |      3722
                                   1072     2554     4718     2036      352      183      146      184      312 |     11557
                                    705     1936     7151     8297     2277      762      455      378      486 |     22447
                      MNWC_ref      451     1228     4089     8789     6725     2225     1025      829     1318 |     26679
                                    470      909     2531     4063     5402     6646     2556     1542     2040 |     26159
                                    630     1118     2721     4034     4190     6454    12114     9022     6384 |     46667
                                    788     1496     3236     4150     5554     4752     9523    35141     7477 |     72117
                                   7050     4872     9727    13865    17182    20424    23934    49536   148545 |    295135

                    SUM           14082    15977    35868    45626    41782    41540    49819    96713   167007 |    508414
                                                       OBSERVATION
                                   1237      352      274       54       36        5       17       63      253 |      2291
                                    786      723      695      241       46       31       11       46       37 |      2616
                                    959     1926     3622     1563      403      201      110      137      132 |      9053
                                    534     1938     6163     6399     2023      735      437      377      262 |     18868
                       MNWC_1h      445     1227     4020     7795     5935     2174     1001      954     1228 |     24779
                                    540      929     2498     4061     5185     6202     2485     1624     2141 |     25665
                                    652     1250     2971     4119     4067     6049    10835     7750     6164 |     43857
                                   1084     1803     3908     4972     5908     5523    10460    33627     8837 |     76122
                                   7845     5829    11717    16422    18179    20620    24463    52135   147953 |    305163

                    SUM           14082    15977    35868    45626    41782    41540    49819    96713   167007 |    508414
                                                       OBSERVATION
                                   1266      323      303       58       36       17       13       32      179 |      2227
                                    702      667      722      235       45       11       14       34       28 |      2458
                                    935     1931     3602     1575      368      172      107      123      117 |      8930
                                    529     1971     6472     6646     1997      689      409      368      227 |     19308
                       MNWC_2h      444     1209     4048     8085     5821     2139      986      825     1119 |     24676
                                    499      900     2468     3904     5292     6093     2306     1462     1913 |     24837
                                    707     1218     2932     4225     4153     6225    10927     7820     5641 |     43848
                                    933     1810     3883     4871     5895     5483    10790    34187     8028 |     75880
                                   8067     5948    11438    16027    18175    20711    24267    51862   149755 |    306250

                    SUM           14082    15977    35868    45626    41782    41540    49819    96713   167007 |    508414
                                                       OBSERVATION
                                   1189      358      333       80       53       25       33       26      182 |      2279
                                    737      677      745      248       58       31        8       26       36 |      2566
                                    893     1983     3720     1663      388      175      109      111      110 |      9152
                                    552     1897     6436     6966     2133      688      444      374      270 |     19760
                       MNWC_3h      380     1248     3909     8191     5934     2042      929      749      991 |     24373
                                    488      855     2540     3840     5212     6004     2308     1238     1786 |     24271
                                    717     1332     2895     4100     4007     6326    11386     7918     5690 |     44371
                                    908     1753     3834     4812     5939     5287    10384    34195     7605 |     74717
                                   8218     5874    11456    15726    18058    20962    24218    52076   150337 |    306925

                    SUM           14082    15977    35868    45626    41782    41540    49819    96713   167007 |    508414

