 <pre>

 Contingency table for 6h Precipitation (mm/6h)
 Selection: ALL    682 stations
Period: 20220816-20220823
Used {All hours} + 06-00 07-01 08-02 09-03 10-04 11-05 12-06
 Limits   0.100000001      0.200000003      0.500000000       1.00000000       2.00000000       5.00000000       10.0000000       20.0000000       35.0000000    
 Each class is data <= limit, the very last > last limit
 Total number of values      486176
                                                       OBSERVATION
                                 359507     6853     7979     5619     5007     5555     3203     1646      280        0 |    395649
                                   7005      557      940      824      793      693      407      169       36        0 |     11424
                                   8794      786     1492     1373     1388     1445      692      279       52        0 |     16301
                                   6145      687     1270     1283     1397     1705      746      327       57        1 |     13618
                      MNWC_ref     5161      641     1255     1419     1695     2382     1195      442       90        2 |     14282
                                   4995      573     1151     1550     2412     4255     2485      904      143       19 |     18487
                                   2026      255      505      565      963     2185     2249     1253      199       41 |     10241
                                    520       89      162      175      354      874     1124     1135      318       57 |      4808
                                     59       16       40       49       57      160      235      341      188       28 |      1173
                                     16        0        6       10        8       21       43       62       19        8 |       193

                    SUM          394228    10457    14800    12867    14074    19275    12379     6558     1382      156 |    486176
                                                       OBSERVATION
                                 358256     6997     8299     6034     5486     6136     3382     1723      226        0 |    396539
                                   6725      496      867      701      687      790      403      222       39        0 |     10930
                                   8499      731     1375     1339     1220     1517      750      337       44        0 |     15812
                                   6437      626     1173     1168     1321     1764      752      324       56        2 |     13623
                       MNWC_1h     5847      636     1251     1281     1693     2271     1165      491       89        4 |     14728
                                   5552      664     1172     1460     2333     3777     2502      898      168       13 |     18539
                                   2139      235      437      638      931     2082     2105     1206      235       25 |     10033
                                    658       61      178      199      334      733     1072     1070      358       50 |      4713
                                     96       11       43       41       58      177      228      248      148       47 |      1097
                                     19        0        5        6       11       28       20       39       19       15 |       162

                    SUM          394228    10457    14800    12867    14074    19275    12379     6558     1382      156 |    486176
                                                       OBSERVATION
                                 360268     7153     8416     5926     5410     6174     3441     1753      277        0 |    398818
                                   6541      496      882      823      775      774      322      177       55        0 |     10845
                                   8048      721     1368     1309     1302     1399      653      307       59        0 |     15166
                                   6096      600     1131     1117     1410     1618      743      297       66        0 |     13078
                       MNWC_2h     5412      628     1268     1431     1769     2335     1137      445       73        3 |     14501
                                   5298      643     1163     1445     2222     4046     2553      960      123        4 |     18457
                                   1818      174      425      580      860     1998     2242     1236      189       21 |      9543
                                    626       36      105      214      291      782     1038     1043      371       72 |      4578
                                    102        5       31       22       35      137      214      325      152       39 |      1062
                                     19        1       11        0        0       12       36       15       17       17 |       128

                    SUM          394228    10457    14800    12867    14074    19275    12379     6558     1382      156 |    486176
                                                       OBSERVATION
                                 360699     7203     8382     5938     5415     6023     3389     1717      286        0 |    399052
                                   6617      490      901      742      761      823      389      174       36        0 |     10933
                                   8223      676     1444     1304     1278     1517      666      272       44        0 |     15424
                                   5650      640     1186     1101     1305     1626      766      316       39        0 |     12629
                       MNWC_3h     5437      601     1176     1489     1834     2406     1152      509       77        0 |     14681
                                   5156      599     1072     1449     2264     3968     2513      987      167        5 |     18180
                                   1757      176      427      594      893     2094     2154     1133      217       26 |      9471
                                    576       65      163      213      297      680     1100     1125      339       68 |      4626
                                     98        7       45       30       25      123      229      308      164       47 |      1076
                                     15        0        4        7        2       15       21       17       13       10 |       104

                    SUM          394228    10457    14800    12867    14074    19275    12379     6558     1382      156 |    486176

