 <pre>

 Contingency table for Rh2m (%)
 Selection: ALL   1053 stations
Period: 20220816-20220823
Used {All hours} + 00 01 ... 12
 Limits    30.0000000       50.0000000       65.0000000       75.0000000       85.0000000       95.0000000       100.000000    
 Each class is data <= limit, the very last > last limit
 Total number of values     1405681
                                              OBSERVATION
                                    736     2464       30        0        6        0        0        0 |      3236
                                   1231    86196    43158     3735     1141      300       32        0 |    135793
                                     19    20336   123736    63771    22851     7361     1202        0 |    239276
                      MNWC_ref        1     1465    35463    94393    78725    29016     6174        0 |    245237
                                      0      325     9168    44396   127020    98926    25390        0 |    305225
                                      0       64     1817    10511    56018   169212    90295        0 |    327917
                                      0        5      228     1115     8158    41190    89567        0 |    140263
                                      0        0        0       28      319     2225     6162        0 |      8734

                    SUM            1987   110855   213600   217949   294238   348230   218822        0 |   1405681
                                              OBSERVATION
                                    989     4008      148        0        6        0        0        0 |      5151
                                    978    81250    41454     5385     1645      488       41        0 |    131241
                                     20    23259   124095    63564    24954     8947     1935        0 |    246774
                       MNWC_1h        0     1779    36558    94871    82694    33197     7993        0 |    257092
                                      0      454     8957    42630   124433   104466    28146        0 |    309086
                                      0       84     2124    10380    52313   163032    96107        0 |    324040
                                      0       21      264     1107     7949    36369    80087        0 |    125797
                                      0        0        0       12      244     1731     4513        0 |      6500

                    SUM            1987   110855   213600   217949   294238   348230   218822        0 |   1405681
                                              OBSERVATION
                                    845     3268       53        0        9        0        0        0 |      4175
                                   1126    83766    41512     4367     1296      416       43        0 |    132526
                                     15    21966   126542    65599    24132     8086     1627        0 |    247967
                       MNWC_2h        1     1469    34896    94172    83437    32854     7494        0 |    254323
                                      0      285     8354    42296   125923   106526    27960        0 |    311344
                                      0       80     1979    10339    51680   162953    95599        0 |    322630
                                      0       21      262     1154     7526    35635    81378        0 |    125976
                                      0        0        2       22      235     1760     4721        0 |      6740

                    SUM            1987   110855   213600   217949   294238   348230   218822        0 |   1405681
                                              OBSERVATION
                                    797     3483       77        0        6        0        0        0 |      4363
                                   1174    84730    44647     5125     1545      444       52        0 |    137717
                                     15    20881   124369    67139    25837     9074     1813        0 |    249128
                       MNWC_3h        1     1445    33923    92599    83023    33135     7672        0 |    251798
                                      0      245     8447    41662   124419   104913    28447        0 |    308133
                                      0       59     1886    10250    51686   162039    93609        0 |    319529
                                      0       12      251     1154     7454    36783    82186        0 |    127840
                                      0        0        0       20      268     1842     5043        0 |      7173

                    SUM            1987   110855   213600   217949   294238   348230   218822        0 |   1405681

