 <pre>

 Contingency table for 3h Precipitation (mm/3h)
 Selection: METCOOP    344 stations
Period: 20220816-20220823
Used {All hours} + 03 04 ... 12
 Limits   0.100000001      0.200000003      0.500000000       1.00000000       2.00000000       5.00000000       10.0000000       15.0000000       20.0000000    
 Each class is data <= limit, the very last > last limit
 Total number of values      421177
                                                       OBSERVATION
                                 327604     4786     6431     4691     4193     4578     2474      717      392      189 |    356055
                                   6091      428      775      720      615      592      265       64       21       10 |      9581
                                   7659      614     1271     1226     1130     1074      452      106       30       12 |     13574
                                   5088      501     1216     1181     1175     1266      502      108       47       22 |     11106
                      MNWC_ref     4051      479      955     1173     1442     1776      636      139       54       26 |     10731
                                   3569      355      803     1113     1769     2940     1348      327      126       69 |     12419
                                   1179      130      243      332      551     1212      993      395      140       81 |      5256
                                    195       39       59       57      131      310      319      203       98       53 |      1464
                                     52       11       27       24       49      107      104      130       55       28 |       587
                                     44        6       14       24       36       79       67       72       44       18 |       404

                    SUM          355532     7349    11794    10541    11091    13934     7160     2261     1007      508 |    421177
                                                       OBSERVATION
                                 325612     4839     6608     4928     4541     5038     2621      769      424      158 |    355538
                                   6034      340      743      646      611      578      272       59       22        9 |      9314
                                   7813      626     1184     1117     1027     1120      443      132       52        9 |     13523
                                   5533      504     1025     1033     1093     1198      442      108       34       25 |     10995
                       MNWC_1h     4608      481     1016     1120     1434     1666      625      155       51       45 |     11201
                                   4230      396      875     1203     1655     2707     1376      312      116       64 |     12934
                                   1301      114      250      350      520     1233      985      408      174       69 |      5404
                                    261       30       61       89      121      251      265      193       75       52 |      1398
                                     88       11       18       28       56       84       74       79       31       30 |       499
                                     52        8       14       27       33       59       57       46       28       47 |       371

                    SUM          355532     7349    11794    10541    11091    13934     7160     2261     1007      508 |    421177
                                                       OBSERVATION
                                 327273     4976     6595     4823     4483     5010     2627      775      448      175 |    357185
                                   5850      342      819      645      597      547      223       58       21       15 |      9117
                                   7389      577     1156     1131     1049     1039      451      108       40       16 |     12956
                                   5202      489     1075     1127     1169     1165      439       98       36       18 |     10818
                       MNWC_2h     4403      458     1000     1168     1494     1711      603      136       54       30 |     11057
                                   3935      347      819     1140     1649     2755     1365      323       84       63 |     12480
                                   1109      119      236      354      484     1215     1042      423      167       47 |      5196
                                    243       19       55      103      116      325      271      190       80       76 |      1478
                                     80       14       18       35       30      102       85       90       39       29 |       522
                                     48        8       21       15       20       65       54       60       38       39 |       368

                    SUM          355532     7349    11794    10541    11091    13934     7160     2261     1007      508 |    421177
                                                       OBSERVATION
                                 327468     4952     6640     4762     4399     4832     2573      755      430      176 |    356987
                                   5933      327      766      711      628      572      232       59       15        7 |      9250
                                   7472      587     1221     1071     1075     1055      421      108       34       11 |     13055
                                   5055      514     1055     1084     1142     1278      455       98       37       15 |     10733
                       MNWC_3h     4435      489      995     1280     1473     1821      613      154       62       30 |     11352
                                   3694      320      802     1149     1729     2716     1299      323       96       73 |     12201
                                   1122      117      233      364      478     1197     1077      398      172       81 |      5239
                                    243       34       53       74      110      298      324      190       79       42 |      1447
                                     82        7       16       25       37      104      109      107       34       34 |       555
                                     28        2       13       21       20       61       57       69       48       39 |       358

                    SUM          355532     7349    11794    10541    11091    13934     7160     2261     1007      508 |    421177

