 <pre>

 Contingency table for 3h Precipitation (mm/3h)
 Selection: ALL    600 stations
Period: 20220816-20220823
Used {All hours} + 03 04 ... 12
 Limits   0.100000001      0.200000003      0.500000000       1.00000000       2.00000000       5.00000000       10.0000000       15.0000000       20.0000000    
 Each class is data <= limit, the very last > last limit
 Total number of values      673185
                                                       OBSERVATION
                                 542643     7586     9459     6681     6376     6625     3689      993      459      239 |    584750
                                   8455      621     1017      953      884      810      360       94       24       23 |     13241
                                  10581      865     1625     1580     1610     1477      620      157       41       19 |     18575
                                   7209      684     1493     1526     1558     1692      693      173       60       27 |     15115
                      MNWC_ref     5725      614     1256     1507     1930     2399      851      201       68       37 |     14588
                                   5221      465     1090     1481     2336     3775     1764      425      144       77 |     16778
                                   1686      180      339      455      781     1516     1300      460      158       93 |      6968
                                    316       51       78       83      195      395      395      224      107       62 |      1906
                                     87       15       30       32       60      125      133      144       59       35 |       720
                                     80        8       20       32       43       99      104       83       46       29 |       544

                    SUM          582003    11089    16407    14330    15773    18913     9909     2954     1166      641 |    673185
                                                       OBSERVATION
                                 540532     7706     9666     7090     6909     7255     3846     1013      496      203 |    584716
                                   8292      501      989      867      856      834      360      102       26       17 |     12844
                                  10644      813     1558     1453     1462     1580      612      192       61       21 |     18396
                                   7692      661     1283     1319     1530     1706      631      181       45       28 |     15076
                       MNWC_1h     6525      643     1306     1425     1885     2244      914      229       61       53 |     15285
                                   5829      540     1128     1534     2139     3308     1776      405      140       75 |     16874
                                   1853      166      339      454      707     1462     1222      476      199       78 |      6956
                                    405       36       76      116      173      316      353      214       78       59 |      1826
                                    151       14       34       38       70      115      105       90       32       46 |       695
                                     80        9       28       34       42       93       90       52       28       61 |       517

                    SUM          582003    11089    16407    14330    15773    18913     9909     2954     1166      641 |    673185
                                                       OBSERVATION
                                 542824     7869     9722     6952     6851     7173     3840     1059      521      218 |    587029
                                   8020      490     1055      857      848      802      304       91       26       27 |     12520
                                  10191      807     1494     1479     1491     1467      605      182       50       28 |     17794
                                   7235      651     1341     1413     1603     1631      624      148       46       30 |     14722
                       MNWC_2h     6295      608     1294     1502     1976     2346      882      191       64       38 |     15196
                                   5327      466     1068     1493     2168     3434     1762      408      102       70 |     16298
                                   1552      151      312      460      625     1460     1335      500      188       56 |      6639
                                    355       23       66      117      144      386      355      214       90       79 |      1829
                                    121       16       26       41       41      130      122       98       41       39 |       675
                                     83        8       29       16       26       84       80       63       38       56 |       483

                    SUM          582003    11089    16407    14330    15773    18913     9909     2954     1166      641 |    673185
                                                       OBSERVATION
                                 543101     7901     9744     6903     6773     7038     3802     1044      497      241 |    587044
                                   8172      471      988      930      895      792      327       91       19       14 |     12699
                                  10336      787     1590     1406     1515     1488      581      173       47       17 |     17940
                                   7031      656     1340     1376     1570     1759      650      152       44       21 |     14599
                       MNWC_3h     6228      644     1312     1575     1932     2465      898      222       78       39 |     15393
                                   5094      424     1009     1500     2225     3373     1719      416      118       86 |     15964
                                   1499      152      310      484      627     1434     1318      464      190       88 |      6566
                                    350       42       71       99      156      359      399      209       85       46 |      1816
                                    116        9       19       32       53      128      137      108       37       37 |       676
                                     76        3       24       25       27       77       78       75       51       52 |       488

                    SUM          582003    11089    16407    14330    15773    18913     9909     2954     1166      641 |    673185

