 <pre>

 Contingency table for Visibility (m)
 Selection: ALL    712 stations
Period: 20220816-20220823
Used {All hours} + 00 01 ... 12
 Limits    1000.00000       5000.00000       10000.0000       20000.0000    
 Each class is data <= limit, the very last > last limit
 Total number of values      861213
                                     OBSERVATION
                                   2608     1443      838      851     1168 |      6908
                                   7452    13318    14472    16656    14591 |     66489
                      MNWC_ref     3495     9601    14512    27315    28564 |     83487
                                   1874     8192    20357    63246   122861 |    216530
                                   2238     6973    27891   122449   328248 |    487799

                    SUM           17667    39527    78070   230517   495432 |    861213
                                     OBSERVATION
                                   1631      818      517      703      844 |      4513
                                   7287    11972    12332    14817    14310 |     60718
                       MNWC_1h     3892    10005    14308    25553    28047 |     81805
                                   2177     8827    20577    63467   121293 |    216341
                                   2680     7905    30336   125977   330938 |    497836

                    SUM           17667    39527    78070   230517   495432 |    861213
                                     OBSERVATION
                                   1744      761      565      604      789 |      4463
                                   7349    11960    12410    14405    13182 |     59306
                       MNWC_2h     3896     9963    14186    25521    26811 |     80377
                                   2102     9090    21295    64625   122639 |    219751
                                   2576     7753    29614   125362   332011 |    497316

                    SUM           17667    39527    78070   230517   495432 |    861213
                                     OBSERVATION
                                   1780      836      577      603      830 |      4626
                                   7395    12087    12479    14502    13016 |     59479
                       MNWC_3h     3784     9668    13816    24670    26458 |     78396
                                   2143     9045    21117    63614   120710 |    216629
                                   2565     7891    30081   127128   334418 |    502083

                    SUM           17667    39527    78070   230517   495432 |    861213

