 <pre>

 Contingency table for Visibility (m)
 Selection: METCOOP    267 stations
Period: 20220816-20220823
Used {All hours} + 00 01 ... 12
 Limits    1000.00000       5000.00000       10000.0000       20000.0000    
 Each class is data <= limit, the very last > last limit
 Total number of values      356711
                                     OBSERVATION
                                   2064     1089      671      691     1080 |      5595
                                   3744     7336     8035     7938     8574 |     35627
                      MNWC_ref     1370     3226     4881     7770    10657 |     27904
                                   1156     3152     6624    18000    54692 |     83624
                                   1135     3120     6063    29016   164627 |    203961

                    SUM            9469    17923    26274    63415   239630 |    356711
                                     OBSERVATION
                                   1367      698      407      497      772 |      3741
                                   3785     6583     6585     7005     8287 |     32245
                       MNWC_1h     1613     3580     5259     7132    10319 |     27903
                                   1231     3560     7094    18672    54077 |     84634
                                   1473     3502     6929    30109   166175 |    208188

                    SUM            9469    17923    26274    63415   239630 |    356711
                                     OBSERVATION
                                   1439      628      462      476      733 |      3738
                                   3767     6624     6754     6841     7932 |     31918
                       MNWC_2h     1651     3589     5113     7465    10508 |     28326
                                   1215     3575     7276    18806    55565 |     86437
                                   1397     3507     6669    29827   164892 |    206292

                    SUM            9469    17923    26274    63415   239630 |    356711
                                     OBSERVATION
                                   1463      697      471      506      759 |      3896
                                   3851     6817     6884     7061     7875 |     32488
                       MNWC_3h     1546     3391     5106     7358    10532 |     27933
                                   1216     3516     7130    18595    54580 |     85037
                                   1393     3502     6683    29895   165884 |    207357

                    SUM            9469    17923    26274    63415   239630 |    356711

