 <pre>

 Contingency table for Low clouds (octas)
 Selection: ALL    621 stations
Period: 20220816-20220823
Used {All hours} + 01 02 ... 12
 Limits    1.00000000       2.00000000       3.00000000       4.00000000       5.00000000       6.00000000       7.00000000    
 Each class is data <= limit, the very last > last limit
 Total number of values      532356
                                              OBSERVATION
                                 277548    18351    12317     8231     7656     6625     9894    18772 |    359394
                                   8874     1855     1703     1279     1374     1205     2356     4325 |     22971
                                   5348     1273     1153      904      975      909     1735     3319 |     15616
                      MNWC_ref     4349     1112     1085      737      877      866     1575     2986 |     13587
                                   3687     1052      958      798      831      812     1581     3150 |     12869
                                   3448     1014     1020      824      936      886     1828     3466 |     13422
                                   3832     1308     1377     1077     1224     1187     2596     5562 |     18163
                                   7871     3609     4222     3614     4255     4618    12810    35335 |     76334

                    SUM          314957    29574    23835    17464    18128    17108    34375    76915 |    532356
                                              OBSERVATION
                                 279103    19539    13302     9103     8731     7613    12611    23512 |    373514
                                   8859     1857     1653     1172     1304     1180     2476     4680 |     23181
                                   5005     1197     1160      825      884      816     1642     3547 |     15076
                       MNWC_1h     4048      942      997      731      792      788     1428     3029 |     12755
                                   3624      894      905      684      768      753     1438     3085 |     12151
                                   3281      874      973      778      816      770     1557     3461 |     12510
                                   3829     1064     1240      993     1126     1157     2355     5243 |     17007
                                   7208     3207     3605     3178     3707     4031    10868    30358 |     66162

                    SUM          314957    29574    23835    17464    18128    17108    34375    76915 |    532356
                                              OBSERVATION
                                 281927    19527    13405     8992     8656     7602    12171    23288 |    375568
                                   8196     1789     1657     1249     1384     1245     2372     4545 |     22437
                                   4938     1139     1170      906      926      857     1665     3366 |     14967
                       MNWC_2h     3857     1060      975      802      781      796     1498     3115 |     12884
                                   3341      963      926      705      735      765     1515     3066 |     12016
                                   3025      904      979      751      921      785     1592     3518 |     12475
                                   3335     1089     1294      964     1107     1109     2479     5260 |     16637
                                   6338     3103     3429     3095     3618     3949    11083    30757 |     65372

                    SUM          314957    29574    23835    17464    18128    17108    34375    76915 |    532356
                                              OBSERVATION
                                 282801    19360    13483     8978     8614     7415    11898    22898 |    375447
                                   8131     1819     1698     1219     1370     1208     2377     4595 |     22417
                                   4753     1208     1136      902      947      880     1657     3471 |     14954
                       MNWC_3h     3729     1042      965      762      817      814     1519     3083 |     12731
                                   3218      938      961      706      805      797     1518     3183 |     12126
                                   2947      930      920      742      887      824     1657     3576 |     12483
                                   3197     1128     1187      973     1120     1195     2355     5340 |     16495
                                   6181     3149     3485     3182     3568     3975    11394    30769 |     65703

                    SUM          314957    29574    23835    17464    18128    17108    34375    76915 |    532356

