 <pre>

 Contingency table for Cloud base (m)
 Selection: METCOOP    232 stations
Period: 20220816-20220823
Used {All hours} + 01 02 ... 12
 Limits    70.0000000       150.000000       300.000000       600.000000       1000.00000       1500.00000       2500.00000       5000.00000    
 Each class is data <= limit, the very last > last limit
 Total number of values      189221
                                                       OBSERVATION
                                   1482      598      376       69       29       34       31       10      226 |      2855
                                    443      691      811      184       29       37        2       22        5 |      2224
                                    586     1545     2852     1055      124       78       47       85      124 |      6496
                                    341     1008     3794     3647      984      313      142      218      202 |     10649
                      MNWC_ref      172      530     1756     4077     2775      940      384      419      236 |     11289
                                    364      497     1140     1726     2281     2397      916      623      451 |     10395
                                    372      537     1096     1466     1277     1832     3171     2667     1288 |     13706
                                    456      660     1538     1774     1465     1813     3336    13612     2268 |     26922
                                   4564     3319     5453     6649     5863     9552     9045    14703    45537 |    104685

                    SUM            8780     9385    18816    20647    14827    16996    17074    32359    50337 |    189221
                                                       OBSERVATION
                                    990      263      189       41       21        2       11       25      165 |      1707
                                    489      447      516      176       20       10        5       18        7 |      1688
                                    564     1166     2229      880      147       93       36       70       47 |      5232
                                    297     1071     3471     3350      927      292      157      218       95 |      9878
                       MNWC_1h      266      583     1824     3785     2677      970      418      479      296 |     11298
                                    396      432     1053     1833     2152     2522      959      775      703 |     10825
                                    320      552     1162     1412     1280     1754     2629     2184     1272 |     12565
                                    520      825     1814     1775     1390     1847     3399    11583     2426 |     25579
                                   4938     4046     6558     7395     6213     9506     9460    17007    45326 |    110449

                    SUM            8780     9385    18816    20647    14827    16996    17074    32359    50337 |    189221
                                                       OBSERVATION
                                    991      234      189       40       20       14        7       16      112 |      1623
                                    390      449      525      167       26        4        8       20        9 |      1598
                                    536     1152     2257      868      138       79       52       64       73 |      5219
                                    306     1029     3518     3201      973      288      149      223       69 |      9756
                       MNWC_2h      284      657     1842     3737     2522      926      431      445      266 |     11110
                                    358      431     1116     1689     2059     2238      861      672      562 |      9986
                                    366      514     1110     1458     1347     1722     2540     2122     1044 |     12223
                                    518      844     1829     1889     1397     1975     3584    12094     2266 |     26396
                                   5031     4075     6430     7598     6345     9750     9442    16703    45936 |    111310

                    SUM            8780     9385    18816    20647    14827    16996    17074    32359    50337 |    189221
                                                       OBSERVATION
                                    947      277      234       59       37       22       27       11      119 |      1733
                                    406      457      555      170       28       17        5       15       12 |      1665
                                    505     1181     2331      945      141       65       50       63       52 |      5333
                                    297      966     3465     3259     1006      280      169      203       78 |      9723
                       MNWC_3h      221      674     1827     3831     2584      926      387      394      240 |     11084
                                    354      435     1150     1641     2027     2169      865      534      449 |      9624
                                    374      556     1093     1359     1175     1750     2659     2086     1044 |     12096
                                    513      813     1860     1845     1504     1874     3558    12474     2308 |     26749
                                   5163     4026     6301     7538     6325     9893     9354    16579    46035 |    111214

                    SUM            8780     9385    18816    20647    14827    16996    17074    32359    50337 |    189221

